,Price_pred
0,5024.0698032967375
1,5024.0698032967375
2,5024.0698032967375
3,5024.0698032967375
4,8287.196536816424
5,5024.0698032967375
6,5024.0698032967375
7,5024.0698032967375
8,5024.0698032967375
9,5975.283321713006
10,5024.0698032967375
11,5024.0698032967375
12,5024.0698032967375
13,5024.0698032967375
14,5024.0698032967375
15,8287.196536816424
16,5024.0698032967375
17,68853.50315657315
18,5024.0698032967375
19,5024.0698032967375
20,5024.0698032967375
21,5024.0698032967375
22,5024.0698032967375
23,5024.0698032967375
24,5024.0698032967375
25,5024.0698032967375
26,5024.0698032967375
27,5024.0698032967375
28,5024.0698032967375
29,5024.0698032967375
30,5975.283321713006
31,5024.0698032967375
32,5024.0698032967375
33,5024.0698032967375
34,5024.0698032967375
35,5024.0698032967375
36,8287.196536816424
37,5024.0698032967375
38,5024.0698032967375
39,5024.0698032967375
40,5024.0698032967375
41,5024.0698032967375
42,5024.0698032967375
43,5024.0698032967375
44,5975.283321713006
45,5024.0698032967375
46,5024.0698032967375
47,5024.0698032967375
48,5024.0698032967375
49,5024.0698032967375
50,5024.0698032967375
51,5024.0698032967375
52,5024.0698032967375
53,5024.0698032967375
54,5975.283321713006
55,4651.059549861144
56,5024.0698032967375
57,5024.0698032967375
58,5024.0698032967375
59,5024.0698032967375
60,8287.196536816424
61,8287.196536816424
62,5024.0698032967375
63,5024.0698032967375
64,5024.0698032967375
65,68853.50315657315
66,5024.0698032967375
67,5024.0698032967375
68,5024.0698032967375
69,5024.0698032967375
70,5024.0698032967375
71,5024.0698032967375
72,5024.0698032967375
73,5975.283321713006
74,5024.0698032967375
75,5024.0698032967375
76,5024.0698032967375
77,5024.0698032967375
78,5975.283321713006
79,5024.0698032967375
80,5024.0698032967375
81,5024.0698032967375
82,5024.0698032967375
83,5024.0698032967375
84,5975.283321713006
85,5024.0698032967375
86,5024.0698032967375
87,8287.196536816424
88,5024.0698032967375
89,8287.196536816424
90,5024.0698032967375
91,4651.059549861144
92,5024.0698032967375
93,5024.0698032967375
94,5024.0698032967375
95,5024.0698032967375
96,5024.0698032967375
97,5024.0698032967375
98,5024.0698032967375
99,5024.0698032967375
100,5024.0698032967375
101,5024.0698032967375
102,5024.0698032967375
103,5024.0698032967375
104,5024.0698032967375
105,5024.0698032967375
106,5024.0698032967375
107,8287.196536816424
108,5024.0698032967375
109,5024.0698032967375
110,5975.283321713006
111,5024.0698032967375
112,5024.0698032967375
113,5024.0698032967375
114,5024.0698032967375
115,5024.0698032967375
116,5024.0698032967375
117,5024.0698032967375
118,5024.0698032967375
119,5024.0698032967375
120,5024.0698032967375
121,68853.50315657315
122,5024.0698032967375
123,5024.0698032967375
124,5024.0698032967375
125,5024.0698032967375
126,5024.0698032967375
127,5024.0698032967375
128,5024.0698032967375
129,5024.0698032967375
130,5024.0698032967375
131,5024.0698032967375
132,5024.0698032967375
133,5024.0698032967375
134,8287.196536816424
135,5024.0698032967375
136,5024.0698032967375
137,5024.0698032967375
138,5024.0698032967375
139,5024.0698032967375
140,5024.0698032967375
141,5024.0698032967375
142,5024.0698032967375
143,5975.283321713006
144,5024.0698032967375
145,5024.0698032967375
146,5024.0698032967375
147,68853.50315657315
148,5024.0698032967375
149,8287.196536816424
150,5024.0698032967375
151,5024.0698032967375
152,5024.0698032967375
153,5024.0698032967375
154,5024.0698032967375
155,5024.0698032967375
156,5024.0698032967375
157,5024.0698032967375
158,5024.0698032967375
159,5024.0698032967375
160,5975.283321713006
161,5024.0698032967375
162,5024.0698032967375
163,5024.0698032967375
164,5975.283321713006
165,5024.0698032967375
166,5024.0698032967375
167,5024.0698032967375
168,5975.283321713006
169,5024.0698032967375
170,5024.0698032967375
171,5024.0698032967375
172,5024.0698032967375
173,5024.0698032967375
174,5024.0698032967375
175,5975.283321713006
176,5024.0698032967375
177,5024.0698032967375
178,4651.059549861144
179,5024.0698032967375
180,5024.0698032967375
181,5024.0698032967375
182,5024.0698032967375
183,5024.0698032967375
184,5024.0698032967375
185,5024.0698032967375
186,585.5623577823044
187,5024.0698032967375
188,5024.0698032967375
189,5024.0698032967375
190,5024.0698032967375
191,5024.0698032967375
192,8287.196536816424
193,5975.283321713006
194,8287.196536816424
195,8287.196536816424
196,5024.0698032967375
197,5024.0698032967375
198,5024.0698032967375
199,5024.0698032967375
200,5024.0698032967375
201,5024.0698032967375
202,8287.196536816424
203,5024.0698032967375
204,5024.0698032967375
205,5024.0698032967375
206,5024.0698032967375
207,5024.0698032967375
208,5975.283321713006
209,5024.0698032967375
210,5975.283321713006
211,5024.0698032967375
212,5024.0698032967375
213,5024.0698032967375
214,5024.0698032967375
215,5024.0698032967375
216,5024.0698032967375
217,5024.0698032967375
218,5024.0698032967375
219,5024.0698032967375
220,5024.0698032967375
221,5024.0698032967375
222,5024.0698032967375
223,5024.0698032967375
224,5975.283321713006
225,5024.0698032967375
226,5024.0698032967375
227,5024.0698032967375
228,5975.283321713006
229,5024.0698032967375
230,5024.0698032967375
231,5024.0698032967375
232,5024.0698032967375
233,5024.0698032967375
234,5024.0698032967375
235,5024.0698032967375
236,5024.0698032967375
237,5024.0698032967375
238,5024.0698032967375
239,5975.283321713006
240,5024.0698032967375
241,5024.0698032967375
242,5975.283321713006
243,5024.0698032967375
244,5024.0698032967375
245,5024.0698032967375
246,5024.0698032967375
247,5024.0698032967375
248,5024.0698032967375
249,5024.0698032967375
250,5024.0698032967375
251,5024.0698032967375
252,5024.0698032967375
253,5024.0698032967375
254,5024.0698032967375
255,5024.0698032967375
256,5024.0698032967375
257,5024.0698032967375
258,5024.0698032967375
259,5975.283321713006
260,5024.0698032967375
261,5024.0698032967375
262,5024.0698032967375
263,5024.0698032967375
264,5024.0698032967375
265,5024.0698032967375
266,5024.0698032967375
267,5024.0698032967375
268,5024.0698032967375
269,5024.0698032967375
270,5024.0698032967375
271,5024.0698032967375
272,5024.0698032967375
273,5024.0698032967375
274,8287.196536816424
275,5024.0698032967375
276,5024.0698032967375
277,8287.196536816424
278,5024.0698032967375
279,5024.0698032967375
280,5024.0698032967375
281,5024.0698032967375
282,5975.283321713006
283,5024.0698032967375
284,5024.0698032967375
285,5024.0698032967375
286,5024.0698032967375
287,5024.0698032967375
288,5024.0698032967375
289,5024.0698032967375
290,5024.0698032967375
291,5024.0698032967375
292,5024.0698032967375
293,5024.0698032967375
294,5975.283321713006
295,8287.196536816424
296,5024.0698032967375
297,5024.0698032967375
298,5024.0698032967375
299,5975.283321713006
300,5024.0698032967375
301,5024.0698032967375
302,5024.0698032967375
303,4651.059549861144
304,68853.50315657315
305,5024.0698032967375
306,5024.0698032967375
307,5024.0698032967375
308,5024.0698032967375
309,8287.196536816424
310,5024.0698032967375
311,5024.0698032967375
312,8287.196536816424
313,5975.283321713006
314,5024.0698032967375
315,5024.0698032967375
316,5975.283321713006
317,68853.50315657315
318,5024.0698032967375
319,5024.0698032967375
320,5024.0698032967375
321,5024.0698032967375
322,585.5623577823044
323,5975.283321713006
324,5024.0698032967375
325,5024.0698032967375
326,5024.0698032967375
327,5024.0698032967375
328,5024.0698032967375
329,5975.283321713006
330,8287.196536816424
331,5024.0698032967375
332,5975.283321713006
333,8287.196536816424
334,5024.0698032967375
335,5975.283321713006
336,5024.0698032967375
337,5024.0698032967375
338,5024.0698032967375
339,5024.0698032967375
340,5024.0698032967375
341,5024.0698032967375
342,5024.0698032967375
343,5024.0698032967375
344,5024.0698032967375
345,5024.0698032967375
346,5024.0698032967375
347,5024.0698032967375
348,5024.0698032967375
349,5024.0698032967375
350,5024.0698032967375
351,5024.0698032967375
352,8287.196536816424
353,5024.0698032967375
354,5975.283321713006
355,5024.0698032967375
356,5024.0698032967375
357,5024.0698032967375
358,68853.50315657315
359,8287.196536816424
360,5024.0698032967375
361,5024.0698032967375
362,5024.0698032967375
363,5024.0698032967375
364,5024.0698032967375
365,5024.0698032967375
366,5024.0698032967375
367,5024.0698032967375
368,5024.0698032967375
369,5024.0698032967375
370,5024.0698032967375
371,5024.0698032967375
372,4651.059549861144
373,5024.0698032967375
374,4651.059549861144
375,5024.0698032967375
376,585.5623577823044
377,5024.0698032967375
378,5024.0698032967375
379,5024.0698032967375
380,5024.0698032967375
381,5024.0698032967375
382,5024.0698032967375
383,5024.0698032967375
384,585.5623577823044
385,5024.0698032967375
386,5024.0698032967375
387,5024.0698032967375
388,5024.0698032967375
389,5975.283321713006
390,5024.0698032967375
391,5024.0698032967375
392,5024.0698032967375
393,5024.0698032967375
394,4651.059549861144
395,5024.0698032967375
396,5024.0698032967375
397,5024.0698032967375
398,5024.0698032967375
399,5024.0698032967375
400,5024.0698032967375
401,8287.196536816424
402,5024.0698032967375
403,5024.0698032967375
404,5024.0698032967375
405,5024.0698032967375
406,5024.0698032967375
407,5024.0698032967375
408,5024.0698032967375
409,5024.0698032967375
410,5024.0698032967375
411,5024.0698032967375
412,5024.0698032967375
413,5975.283321713006
414,5024.0698032967375
415,5975.283321713006
416,5024.0698032967375
417,5024.0698032967375
418,8287.196536816424
419,5024.0698032967375
420,5024.0698032967375
421,5024.0698032967375
422,5024.0698032967375
423,5024.0698032967375
424,8287.196536816424
425,5024.0698032967375
426,5024.0698032967375
427,5024.0698032967375
428,5024.0698032967375
429,5024.0698032967375
430,5024.0698032967375
431,5024.0698032967375
432,4651.059549861144
433,5024.0698032967375
434,5024.0698032967375
435,5024.0698032967375
436,5975.283321713006
437,5024.0698032967375
438,5024.0698032967375
439,5024.0698032967375
440,5024.0698032967375
441,5024.0698032967375
442,5024.0698032967375
443,5024.0698032967375
444,5024.0698032967375
445,5024.0698032967375
446,5024.0698032967375
447,5024.0698032967375
448,5024.0698032967375
449,5024.0698032967375
450,5024.0698032967375
451,5024.0698032967375
452,5024.0698032967375
453,5024.0698032967375
454,5024.0698032967375
455,5024.0698032967375
456,5024.0698032967375
457,5024.0698032967375
458,5024.0698032967375
459,5024.0698032967375
460,5024.0698032967375
461,5024.0698032967375
462,5024.0698032967375
463,5024.0698032967375
464,5024.0698032967375
465,5024.0698032967375
466,5975.283321713006
467,5024.0698032967375
468,5024.0698032967375
469,5024.0698032967375
470,5024.0698032967375
471,5024.0698032967375
472,5024.0698032967375
473,5024.0698032967375
474,5024.0698032967375
475,8287.196536816424
476,5024.0698032967375
477,585.5623577823044
478,5024.0698032967375
479,5024.0698032967375
480,5024.0698032967375
481,5975.283321713006
482,5024.0698032967375
483,5024.0698032967375
484,5024.0698032967375
485,5024.0698032967375
486,5024.0698032967375
487,5024.0698032967375
488,5024.0698032967375
489,5024.0698032967375
490,5024.0698032967375
491,8287.196536816424
492,8287.196536816424
493,5024.0698032967375
494,5024.0698032967375
495,5024.0698032967375
496,5024.0698032967375
497,5024.0698032967375
498,5024.0698032967375
499,5024.0698032967375
500,5975.283321713006
501,5024.0698032967375
502,8287.196536816424
503,585.5623577823044
504,5024.0698032967375
505,5024.0698032967375
506,5024.0698032967375
507,5024.0698032967375
508,5024.0698032967375
509,5024.0698032967375
510,5024.0698032967375
511,5024.0698032967375
512,5024.0698032967375
513,5024.0698032967375
514,5024.0698032967375
515,5024.0698032967375
516,5024.0698032967375
517,5024.0698032967375
518,5024.0698032967375
519,5024.0698032967375
520,4651.059549861144
521,5024.0698032967375
522,5975.283321713006
523,5024.0698032967375
524,8287.196536816424
525,8287.196536816424
526,5024.0698032967375
527,5024.0698032967375
528,5024.0698032967375
529,4651.059549861144
530,5024.0698032967375
531,5975.283321713006
532,5024.0698032967375
533,5975.283321713006
534,5024.0698032967375
535,5024.0698032967375
536,5024.0698032967375
537,5024.0698032967375
538,5024.0698032967375
539,5024.0698032967375
540,5024.0698032967375
541,5024.0698032967375
542,5024.0698032967375
543,5024.0698032967375
544,5975.283321713006
545,5024.0698032967375
546,5024.0698032967375
547,8287.196536816424
548,5024.0698032967375
549,5024.0698032967375
550,5024.0698032967375
551,5024.0698032967375
552,5024.0698032967375
553,5024.0698032967375
554,5024.0698032967375
555,5024.0698032967375
556,8287.196536816424
557,5024.0698032967375
558,5975.283321713006
559,5024.0698032967375
560,5024.0698032967375
561,5024.0698032967375
562,5024.0698032967375
563,5024.0698032967375
564,5024.0698032967375
565,5024.0698032967375
566,5024.0698032967375
567,585.5623577823044
568,8287.196536816424
569,5024.0698032967375
570,5024.0698032967375
571,5024.0698032967375
572,5024.0698032967375
573,5024.0698032967375
574,5024.0698032967375
575,5024.0698032967375
576,5024.0698032967375
577,8287.196536816424
578,5024.0698032967375
579,5024.0698032967375
580,5024.0698032967375
581,5024.0698032967375
582,5024.0698032967375
583,5024.0698032967375
584,5024.0698032967375
585,5024.0698032967375
586,5024.0698032967375
587,5024.0698032967375
588,5024.0698032967375
589,5024.0698032967375
590,5024.0698032967375
591,4651.059549861144
592,5024.0698032967375
593,5975.283321713006
594,5024.0698032967375
595,5024.0698032967375
596,5024.0698032967375
597,5024.0698032967375
598,5024.0698032967375
599,5024.0698032967375
600,5024.0698032967375
601,5024.0698032967375
602,5024.0698032967375
603,5024.0698032967375
604,5024.0698032967375
605,5024.0698032967375
606,68853.50315657315
607,5024.0698032967375
608,5024.0698032967375
609,5024.0698032967375
610,5024.0698032967375
611,5024.0698032967375
612,5024.0698032967375
613,5024.0698032967375
614,5024.0698032967375
615,5024.0698032967375
616,5975.283321713006
617,5024.0698032967375
618,5024.0698032967375
619,5024.0698032967375
620,5024.0698032967375
621,5024.0698032967375
622,5024.0698032967375
623,5024.0698032967375
624,5024.0698032967375
625,5024.0698032967375
626,5024.0698032967375
627,5024.0698032967375
628,5024.0698032967375
629,5024.0698032967375
630,5024.0698032967375
631,5024.0698032967375
632,5024.0698032967375
633,5024.0698032967375
634,5024.0698032967375
635,5024.0698032967375
636,4651.059549861144
637,5024.0698032967375
638,5024.0698032967375
639,8287.196536816424
640,5024.0698032967375
641,5024.0698032967375
642,5024.0698032967375
643,5975.283321713006
644,5024.0698032967375
645,5975.283321713006
646,5024.0698032967375
647,5975.283321713006
648,5024.0698032967375
649,5024.0698032967375
650,5024.0698032967375
651,5024.0698032967375
652,5024.0698032967375
653,4651.059549861144
654,5024.0698032967375
655,5024.0698032967375
656,5024.0698032967375
657,5024.0698032967375
658,5024.0698032967375
659,5024.0698032967375
660,5024.0698032967375
661,5024.0698032967375
662,5024.0698032967375
663,5024.0698032967375
664,5024.0698032967375
665,5024.0698032967375
666,5024.0698032967375
667,5024.0698032967375
668,5024.0698032967375
669,5024.0698032967375
670,5024.0698032967375
671,5024.0698032967375
672,5024.0698032967375
673,68853.50315657315
674,5024.0698032967375
675,5024.0698032967375
676,5024.0698032967375
677,5024.0698032967375
678,5024.0698032967375
679,5024.0698032967375
680,5975.283321713006
681,5024.0698032967375
682,5024.0698032967375
683,5024.0698032967375
684,5024.0698032967375
685,5024.0698032967375
686,8287.196536816424
687,5024.0698032967375
688,5024.0698032967375
689,5024.0698032967375
690,5024.0698032967375
691,5024.0698032967375
692,5024.0698032967375
693,5024.0698032967375
694,5024.0698032967375
695,5024.0698032967375
696,5024.0698032967375
697,5024.0698032967375
698,5024.0698032967375
699,5024.0698032967375
700,5024.0698032967375
701,5975.283321713006
702,5024.0698032967375
703,5975.283321713006
704,585.5623577823044
705,5024.0698032967375
706,4651.059549861144
707,5024.0698032967375
708,8287.196536816424
709,5024.0698032967375
710,5024.0698032967375
711,5024.0698032967375
712,5024.0698032967375
713,5024.0698032967375
714,8287.196536816424
715,5024.0698032967375
716,5024.0698032967375
717,5024.0698032967375
718,5024.0698032967375
719,8287.196536816424
720,5024.0698032967375
721,5024.0698032967375
722,5024.0698032967375
723,5024.0698032967375
724,5024.0698032967375
725,5024.0698032967375
726,5024.0698032967375
727,5024.0698032967375
728,5024.0698032967375
729,5024.0698032967375
730,5024.0698032967375
731,5024.0698032967375
732,5024.0698032967375
733,5024.0698032967375
734,5024.0698032967375
735,5024.0698032967375
736,5024.0698032967375
737,5975.283321713006
738,5024.0698032967375
739,5024.0698032967375
740,5024.0698032967375
741,5024.0698032967375
742,5024.0698032967375
743,5024.0698032967375
744,5024.0698032967375
745,5024.0698032967375
746,4651.059549861144
747,5975.283321713006
748,5024.0698032967375
749,5024.0698032967375
750,5975.283321713006
751,5975.283321713006
752,5024.0698032967375
753,5024.0698032967375
754,5024.0698032967375
755,5975.283321713006
756,5024.0698032967375
757,68853.50315657315
758,5024.0698032967375
759,8287.196536816424
760,5024.0698032967375
761,5024.0698032967375
762,5024.0698032967375
763,5024.0698032967375
764,5024.0698032967375
765,5024.0698032967375
766,5024.0698032967375
767,5024.0698032967375
768,4651.059549861144
769,5024.0698032967375
770,5024.0698032967375
771,5024.0698032967375
772,5024.0698032967375
773,5975.283321713006
774,8287.196536816424
775,5024.0698032967375
776,5024.0698032967375
777,68853.50315657315
778,5024.0698032967375
779,8287.196536816424
780,5024.0698032967375
781,5024.0698032967375
782,5024.0698032967375
783,8287.196536816424
784,5024.0698032967375
785,5024.0698032967375
786,5024.0698032967375
787,5024.0698032967375
788,5024.0698032967375
789,5024.0698032967375
790,5024.0698032967375
791,5024.0698032967375
792,5024.0698032967375
793,5024.0698032967375
794,5024.0698032967375
795,5024.0698032967375
796,5024.0698032967375
797,5024.0698032967375
798,5024.0698032967375
799,5024.0698032967375
800,5024.0698032967375
801,5975.283321713006
802,5024.0698032967375
803,5024.0698032967375
804,5024.0698032967375
805,5024.0698032967375
806,5024.0698032967375
807,8287.196536816424
808,5024.0698032967375
809,5024.0698032967375
810,5024.0698032967375
811,5024.0698032967375
812,5024.0698032967375
813,5024.0698032967375
814,5024.0698032967375
815,5024.0698032967375
816,5024.0698032967375
817,5024.0698032967375
818,5024.0698032967375
819,5024.0698032967375
820,5024.0698032967375
821,5024.0698032967375
822,5024.0698032967375
823,5024.0698032967375
824,5024.0698032967375
825,5024.0698032967375
826,5024.0698032967375
827,5024.0698032967375
828,5024.0698032967375
829,5024.0698032967375
830,5024.0698032967375
831,5024.0698032967375
832,68853.50315657315
833,5024.0698032967375
834,5024.0698032967375
835,5024.0698032967375
836,5024.0698032967375
837,5024.0698032967375
838,5024.0698032967375
839,5024.0698032967375
840,8287.196536816424
841,5024.0698032967375
842,5024.0698032967375
843,5024.0698032967375
844,5024.0698032967375
845,5024.0698032967375
846,5024.0698032967375
847,5024.0698032967375
848,5024.0698032967375
849,5024.0698032967375
850,5024.0698032967375
851,5024.0698032967375
852,5024.0698032967375
853,5024.0698032967375
854,68853.50315657315
855,8287.196536816424
856,5024.0698032967375
857,5024.0698032967375
858,5024.0698032967375
859,5024.0698032967375
860,68853.50315657315
861,5024.0698032967375
862,5024.0698032967375
863,5024.0698032967375
864,5024.0698032967375
865,5024.0698032967375
866,5024.0698032967375
867,5024.0698032967375
868,5024.0698032967375
869,5024.0698032967375
870,5024.0698032967375
871,5024.0698032967375
872,5024.0698032967375
873,5024.0698032967375
874,5024.0698032967375
875,5975.283321713006
876,8287.196536816424
877,5024.0698032967375
878,5024.0698032967375
879,5024.0698032967375
880,5024.0698032967375
881,5024.0698032967375
882,5024.0698032967375
883,8287.196536816424
884,8287.196536816424
885,5024.0698032967375
886,5024.0698032967375
887,4651.059549861144
888,5024.0698032967375
889,5024.0698032967375
890,5024.0698032967375
891,5024.0698032967375
892,5024.0698032967375
893,5024.0698032967375
894,5024.0698032967375
895,5024.0698032967375
896,5024.0698032967375
897,5024.0698032967375
898,5975.283321713006
899,5975.283321713006
900,5024.0698032967375
901,4651.059549861144
902,5975.283321713006
903,5024.0698032967375
904,8287.196536816424
905,5024.0698032967375
906,5024.0698032967375
907,5024.0698032967375
908,5024.0698032967375
909,5024.0698032967375
910,5975.283321713006
911,5024.0698032967375
912,5024.0698032967375
913,5024.0698032967375
914,5024.0698032967375
915,5024.0698032967375
916,5024.0698032967375
917,68853.50315657315
918,5024.0698032967375
919,5024.0698032967375
920,5024.0698032967375
921,4651.059549861144
922,5975.283321713006
923,5024.0698032967375
924,5024.0698032967375
925,5024.0698032967375
926,5024.0698032967375
927,5024.0698032967375
928,5024.0698032967375
929,5024.0698032967375
930,5024.0698032967375
931,5024.0698032967375
932,5024.0698032967375
933,5024.0698032967375
934,5024.0698032967375
935,8287.196536816424
936,5024.0698032967375
937,5024.0698032967375
938,5024.0698032967375
939,5024.0698032967375
940,5024.0698032967375
941,5024.0698032967375
942,5024.0698032967375
943,5975.283321713006
944,5024.0698032967375
945,5024.0698032967375
946,5024.0698032967375
947,4651.059549861144
948,5024.0698032967375
949,5024.0698032967375
950,5024.0698032967375
951,5024.0698032967375
952,5024.0698032967375
953,5024.0698032967375
954,5024.0698032967375
955,5024.0698032967375
956,5024.0698032967375
957,5975.283321713006
958,5024.0698032967375
959,5024.0698032967375
960,5024.0698032967375
961,5024.0698032967375
962,5024.0698032967375
963,5024.0698032967375
964,8287.196536816424
965,5024.0698032967375
966,5975.283321713006
967,5024.0698032967375
968,4651.059549861144
969,5024.0698032967375
970,5024.0698032967375
971,8287.196536816424
972,5024.0698032967375
973,5024.0698032967375
974,5024.0698032967375
975,5024.0698032967375
976,5024.0698032967375
977,5024.0698032967375
978,5024.0698032967375
979,5024.0698032967375
980,5975.283321713006
981,8287.196536816424
982,5024.0698032967375
983,5024.0698032967375
984,5024.0698032967375
985,5024.0698032967375
986,5024.0698032967375
987,5024.0698032967375
988,5024.0698032967375
989,5024.0698032967375
990,8287.196536816424
991,68853.50315657315
992,5024.0698032967375
993,5024.0698032967375
994,5024.0698032967375
995,8287.196536816424
996,5024.0698032967375
997,5024.0698032967375
998,5024.0698032967375
999,5975.283321713006
1000,5024.0698032967375
1001,5024.0698032967375
1002,5024.0698032967375
1003,5024.0698032967375
1004,5024.0698032967375
1005,5024.0698032967375
1006,5024.0698032967375
1007,8287.196536816424
1008,5024.0698032967375
1009,5024.0698032967375
1010,5024.0698032967375
1011,5024.0698032967375
1012,5024.0698032967375
1013,5024.0698032967375
1014,5024.0698032967375
1015,5024.0698032967375
1016,5024.0698032967375
1017,5024.0698032967375
1018,5024.0698032967375
1019,5024.0698032967375
1020,5024.0698032967375
1021,5024.0698032967375
1022,5024.0698032967375
1023,585.5623577823044
1024,5024.0698032967375
1025,5024.0698032967375
1026,8287.196536816424
1027,5024.0698032967375
1028,5024.0698032967375
1029,5975.283321713006
1030,5024.0698032967375
1031,5024.0698032967375
1032,5975.283321713006
1033,8287.196536816424
1034,5024.0698032967375
1035,5024.0698032967375
1036,5024.0698032967375
1037,5975.283321713006
1038,5024.0698032967375
1039,5024.0698032967375
1040,5024.0698032967375
1041,5024.0698032967375
1042,5024.0698032967375
1043,5024.0698032967375
1044,4651.059549861144
1045,5024.0698032967375
1046,5024.0698032967375
1047,5024.0698032967375
1048,5024.0698032967375
1049,5024.0698032967375
1050,5024.0698032967375
1051,5024.0698032967375
1052,5024.0698032967375
1053,5024.0698032967375
1054,5024.0698032967375
1055,5024.0698032967375
1056,5024.0698032967375
1057,5975.283321713006
1058,5975.283321713006
1059,5024.0698032967375
1060,5024.0698032967375
1061,5975.283321713006
1062,5024.0698032967375
1063,5024.0698032967375
1064,5975.283321713006
1065,5024.0698032967375
1066,5975.283321713006
1067,5024.0698032967375
1068,5024.0698032967375
1069,5024.0698032967375
1070,5024.0698032967375
1071,5024.0698032967375
1072,5024.0698032967375
1073,5024.0698032967375
1074,8287.196536816424
1075,5024.0698032967375
1076,5024.0698032967375
1077,8287.196536816424
1078,5024.0698032967375
1079,5024.0698032967375
1080,5024.0698032967375
1081,5024.0698032967375
1082,5024.0698032967375
1083,5024.0698032967375
1084,5024.0698032967375
1085,5024.0698032967375
1086,5024.0698032967375
1087,5024.0698032967375
1088,5024.0698032967375
1089,5024.0698032967375
1090,5024.0698032967375
1091,5024.0698032967375
1092,5975.283321713006
1093,5024.0698032967375
1094,5024.0698032967375
1095,5024.0698032967375
1096,5024.0698032967375
1097,5024.0698032967375
1098,5975.283321713006
1099,5024.0698032967375
1100,5024.0698032967375
1101,5024.0698032967375
1102,5024.0698032967375
1103,5024.0698032967375
1104,68853.50315657315
1105,5975.283321713006
1106,5975.283321713006
1107,5024.0698032967375
1108,5975.283321713006
1109,5024.0698032967375
1110,5024.0698032967375
1111,5024.0698032967375
1112,5024.0698032967375
1113,5024.0698032967375
1114,5024.0698032967375
1115,585.5623577823044
1116,5024.0698032967375
1117,5024.0698032967375
1118,5024.0698032967375
1119,5024.0698032967375
1120,5024.0698032967375
1121,5024.0698032967375
1122,5024.0698032967375
1123,5024.0698032967375
1124,5975.283321713006
1125,5024.0698032967375
1126,5024.0698032967375
1127,4651.059549861144
1128,5024.0698032967375
1129,5024.0698032967375
1130,5024.0698032967375
1131,5024.0698032967375
1132,8287.196536816424
1133,5024.0698032967375
1134,5024.0698032967375
1135,5024.0698032967375
1136,585.5623577823044
1137,5024.0698032967375
1138,5024.0698032967375
1139,5024.0698032967375
1140,5024.0698032967375
1141,8287.196536816424
1142,5024.0698032967375
1143,5024.0698032967375
1144,8287.196536816424
1145,5975.283321713006
1146,5024.0698032967375
1147,5024.0698032967375
1148,5024.0698032967375
1149,5024.0698032967375
1150,5024.0698032967375
1151,5975.283321713006
1152,5024.0698032967375
1153,8287.196536816424
1154,5024.0698032967375
1155,5024.0698032967375
1156,5024.0698032967375
1157,5024.0698032967375
1158,5024.0698032967375
1159,5024.0698032967375
1160,8287.196536816424
1161,5024.0698032967375
1162,5024.0698032967375
1163,5024.0698032967375
1164,68853.50315657315
1165,5024.0698032967375
1166,5024.0698032967375
1167,5024.0698032967375
1168,5024.0698032967375
1169,5024.0698032967375
1170,5024.0698032967375
1171,5024.0698032967375
1172,5024.0698032967375
1173,68853.50315657315
1174,5024.0698032967375
1175,8287.196536816424
1176,5024.0698032967375
1177,5024.0698032967375
1178,5024.0698032967375
1179,5024.0698032967375
1180,5024.0698032967375
1181,5024.0698032967375
1182,5024.0698032967375
1183,5024.0698032967375
1184,5024.0698032967375
1185,5024.0698032967375
1186,5024.0698032967375
1187,5024.0698032967375
1188,8287.196536816424
1189,5024.0698032967375
1190,5024.0698032967375
1191,5024.0698032967375
1192,5024.0698032967375
1193,5024.0698032967375
1194,5024.0698032967375
1195,5975.283321713006
1196,5024.0698032967375
1197,5975.283321713006
1198,5024.0698032967375
1199,5024.0698032967375
1200,5024.0698032967375
1201,5024.0698032967375
1202,5024.0698032967375
1203,5024.0698032967375
1204,5024.0698032967375
1205,5024.0698032967375
1206,5024.0698032967375
1207,5024.0698032967375
1208,5024.0698032967375
1209,5024.0698032967375
1210,5024.0698032967375
1211,5024.0698032967375
1212,5024.0698032967375
1213,5024.0698032967375
1214,5024.0698032967375
1215,5024.0698032967375
1216,5024.0698032967375
1217,5024.0698032967375
1218,5024.0698032967375
1219,5024.0698032967375
1220,5024.0698032967375
1221,5024.0698032967375
1222,5024.0698032967375
1223,5024.0698032967375
1224,5024.0698032967375
1225,5024.0698032967375
1226,5024.0698032967375
1227,8287.196536816424
1228,8287.196536816424
1229,5024.0698032967375
1230,5024.0698032967375
1231,8287.196536816424
1232,5024.0698032967375
1233,5024.0698032967375
1234,5975.283321713006
1235,5024.0698032967375
1236,68853.50315657315
1237,5024.0698032967375
1238,5024.0698032967375
1239,8287.196536816424
1240,5975.283321713006
1241,5024.0698032967375
1242,5024.0698032967375
1243,5024.0698032967375
1244,5024.0698032967375
1245,5024.0698032967375
1246,5024.0698032967375
1247,5024.0698032967375
1248,5975.283321713006
1249,5024.0698032967375
1250,5024.0698032967375
1251,5024.0698032967375
1252,5024.0698032967375
1253,5024.0698032967375
1254,585.5623577823044
1255,5024.0698032967375
1256,5024.0698032967375
1257,5024.0698032967375
1258,5024.0698032967375
1259,5024.0698032967375
1260,5024.0698032967375
1261,5024.0698032967375
1262,8287.196536816424
1263,5024.0698032967375
1264,5024.0698032967375
1265,5024.0698032967375
1266,5024.0698032967375
1267,5024.0698032967375
1268,5024.0698032967375
1269,5975.283321713006
1270,4651.059549861144
1271,5024.0698032967375
1272,5024.0698032967375
1273,5024.0698032967375
1274,585.5623577823044
1275,5024.0698032967375
1276,5024.0698032967375
1277,5024.0698032967375
1278,585.5623577823044
1279,5024.0698032967375
1280,68853.50315657315
1281,5024.0698032967375
1282,5024.0698032967375
1283,5024.0698032967375
1284,5975.283321713006
1285,5024.0698032967375
1286,5024.0698032967375
1287,5975.283321713006
1288,5024.0698032967375
1289,5024.0698032967375
1290,5024.0698032967375
1291,5975.283321713006
1292,5024.0698032967375
1293,5024.0698032967375
1294,5024.0698032967375
1295,5024.0698032967375
1296,5024.0698032967375
1297,5024.0698032967375
1298,4651.059549861144
1299,5975.283321713006
1300,5024.0698032967375
1301,5024.0698032967375
1302,5024.0698032967375
1303,5024.0698032967375
1304,5024.0698032967375
1305,5024.0698032967375
1306,5024.0698032967375
1307,5024.0698032967375
1308,5024.0698032967375
1309,5975.283321713006
1310,5024.0698032967375
1311,5975.283321713006
1312,5024.0698032967375
1313,5024.0698032967375
1314,5024.0698032967375
1315,5024.0698032967375
1316,585.5623577823044
1317,5975.283321713006
1318,5975.283321713006
1319,5024.0698032967375
1320,5024.0698032967375
1321,5024.0698032967375
1322,5024.0698032967375
1323,4651.059549861144
1324,5024.0698032967375
1325,5024.0698032967375
1326,5024.0698032967375
1327,5024.0698032967375
1328,5024.0698032967375
1329,5024.0698032967375
1330,5024.0698032967375
1331,5024.0698032967375
1332,5024.0698032967375
1333,5024.0698032967375
1334,5024.0698032967375
1335,5975.283321713006
1336,5024.0698032967375
1337,5024.0698032967375
1338,5024.0698032967375
1339,5024.0698032967375
1340,5024.0698032967375
1341,5024.0698032967375
1342,5024.0698032967375
1343,5024.0698032967375
1344,5024.0698032967375
1345,5024.0698032967375
1346,5024.0698032967375
1347,5024.0698032967375
1348,5024.0698032967375
1349,5024.0698032967375
1350,5024.0698032967375
1351,5024.0698032967375
1352,5024.0698032967375
1353,5024.0698032967375
1354,5024.0698032967375
1355,8287.196536816424
1356,5024.0698032967375
1357,5024.0698032967375
1358,5024.0698032967375
1359,5024.0698032967375
1360,5024.0698032967375
1361,5975.283321713006
1362,5024.0698032967375
1363,5024.0698032967375
1364,5024.0698032967375
1365,8287.196536816424
1366,5024.0698032967375
1367,5024.0698032967375
1368,8287.196536816424
1369,5024.0698032967375
1370,5024.0698032967375
1371,5024.0698032967375
1372,5024.0698032967375
1373,5024.0698032967375
1374,5024.0698032967375
1375,5024.0698032967375
1376,5024.0698032967375
1377,5024.0698032967375
1378,5024.0698032967375
1379,5024.0698032967375
1380,5024.0698032967375
1381,5024.0698032967375
1382,5024.0698032967375
1383,5024.0698032967375
1384,8287.196536816424
1385,5024.0698032967375
1386,5024.0698032967375
1387,5975.283321713006
1388,5024.0698032967375
1389,5024.0698032967375
1390,5024.0698032967375
1391,5024.0698032967375
1392,5024.0698032967375
1393,5024.0698032967375
1394,5024.0698032967375
1395,5024.0698032967375
1396,5024.0698032967375
1397,5024.0698032967375
1398,5975.283321713006
1399,5024.0698032967375
1400,5024.0698032967375
1401,5024.0698032967375
1402,5024.0698032967375
1403,5024.0698032967375
1404,5024.0698032967375
1405,68853.50315657315
1406,5024.0698032967375
1407,5024.0698032967375
1408,5024.0698032967375
1409,5975.283321713006
1410,585.5623577823044
1411,5024.0698032967375
1412,5024.0698032967375
1413,5024.0698032967375
1414,5024.0698032967375
1415,5024.0698032967375
1416,5024.0698032967375
1417,5024.0698032967375
1418,5024.0698032967375
1419,5024.0698032967375
1420,5024.0698032967375
1421,5024.0698032967375
1422,5975.283321713006
1423,5024.0698032967375
1424,5024.0698032967375
1425,5024.0698032967375
1426,5024.0698032967375
1427,5024.0698032967375
1428,5024.0698032967375
1429,5024.0698032967375
1430,5024.0698032967375
1431,5024.0698032967375
1432,5975.283321713006
1433,5024.0698032967375
1434,5024.0698032967375
1435,5024.0698032967375
1436,5024.0698032967375
1437,5024.0698032967375
1438,5024.0698032967375
1439,5024.0698032967375
1440,5024.0698032967375
1441,8287.196536816424
1442,5024.0698032967375
1443,5024.0698032967375
1444,5024.0698032967375
1445,5024.0698032967375
1446,5024.0698032967375
1447,5024.0698032967375
1448,5024.0698032967375
1449,5024.0698032967375
1450,5024.0698032967375
1451,5024.0698032967375
1452,585.5623577823044
1453,5975.283321713006
1454,5024.0698032967375
1455,5024.0698032967375
1456,5024.0698032967375
1457,5024.0698032967375
1458,5024.0698032967375
1459,5024.0698032967375
1460,5024.0698032967375
1461,5024.0698032967375
1462,585.5623577823044
1463,5024.0698032967375
1464,5024.0698032967375
1465,5024.0698032967375
1466,5024.0698032967375
1467,5024.0698032967375
1468,5024.0698032967375
1469,5024.0698032967375
1470,5024.0698032967375
1471,5024.0698032967375
1472,5024.0698032967375
1473,5024.0698032967375
1474,5024.0698032967375
1475,5024.0698032967375
1476,5024.0698032967375
1477,5975.283321713006
1478,5024.0698032967375
1479,5024.0698032967375
1480,5024.0698032967375
1481,5024.0698032967375
1482,5024.0698032967375
1483,5024.0698032967375
1484,5024.0698032967375
1485,5024.0698032967375
1486,5024.0698032967375
1487,8287.196536816424
1488,5024.0698032967375
1489,5024.0698032967375
1490,5024.0698032967375
1491,5024.0698032967375
1492,5024.0698032967375
1493,5024.0698032967375
1494,5024.0698032967375
1495,5024.0698032967375
1496,5024.0698032967375
1497,5024.0698032967375
1498,5024.0698032967375
1499,5024.0698032967375
1500,5024.0698032967375
1501,5024.0698032967375
1502,5024.0698032967375
1503,5024.0698032967375
1504,5975.283321713006
1505,5024.0698032967375
1506,5024.0698032967375
1507,5024.0698032967375
1508,5024.0698032967375
1509,5024.0698032967375
1510,5024.0698032967375
1511,5024.0698032967375
1512,585.5623577823044
1513,5024.0698032967375
1514,5024.0698032967375
1515,5024.0698032967375
1516,5024.0698032967375
1517,5024.0698032967375
1518,5024.0698032967375
1519,5024.0698032967375
1520,68853.50315657315
1521,8287.196536816424
1522,5024.0698032967375
1523,5024.0698032967375
1524,5024.0698032967375
1525,5024.0698032967375
1526,5024.0698032967375
1527,5024.0698032967375
1528,5024.0698032967375
1529,68853.50315657315
1530,5024.0698032967375
1531,5024.0698032967375
1532,5024.0698032967375
1533,5024.0698032967375
1534,5024.0698032967375
1535,5024.0698032967375
1536,5024.0698032967375
1537,5024.0698032967375
1538,5024.0698032967375
1539,5024.0698032967375
1540,5024.0698032967375
1541,5024.0698032967375
1542,5024.0698032967375
1543,5024.0698032967375
1544,5024.0698032967375
1545,5024.0698032967375
1546,5024.0698032967375
1547,5024.0698032967375
1548,5024.0698032967375
1549,5024.0698032967375
1550,5024.0698032967375
1551,5024.0698032967375
1552,5024.0698032967375
1553,5024.0698032967375
1554,4651.059549861144
1555,5024.0698032967375
1556,5024.0698032967375
1557,5975.283321713006
1558,5024.0698032967375
1559,5975.283321713006
1560,5024.0698032967375
1561,5024.0698032967375
1562,5024.0698032967375
1563,5975.283321713006
1564,5024.0698032967375
1565,5024.0698032967375
1566,8287.196536816424
1567,5024.0698032967375
1568,5024.0698032967375
1569,4651.059549861144
1570,5024.0698032967375
1571,5024.0698032967375
1572,5024.0698032967375
1573,5024.0698032967375
1574,5975.283321713006
1575,5024.0698032967375
1576,5024.0698032967375
1577,5024.0698032967375
1578,5024.0698032967375
1579,5024.0698032967375
1580,5975.283321713006
1581,5024.0698032967375
1582,5024.0698032967375
1583,5024.0698032967375
1584,5024.0698032967375
1585,5975.283321713006
1586,5024.0698032967375
1587,5024.0698032967375
1588,68853.50315657315
1589,5975.283321713006
1590,5024.0698032967375
1591,585.5623577823044
1592,5024.0698032967375
1593,5024.0698032967375
1594,5024.0698032967375
1595,5024.0698032967375
1596,5024.0698032967375
1597,8287.196536816424
1598,5975.283321713006
1599,5024.0698032967375
1600,5024.0698032967375
1601,5024.0698032967375
1602,5024.0698032967375
1603,5024.0698032967375
1604,5024.0698032967375
1605,5024.0698032967375
1606,8287.196536816424
1607,5024.0698032967375
1608,5024.0698032967375
1609,5024.0698032967375
1610,5024.0698032967375
1611,5024.0698032967375
1612,5024.0698032967375
1613,5024.0698032967375
1614,5024.0698032967375
1615,5024.0698032967375
1616,68853.50315657315
1617,5024.0698032967375
1618,5024.0698032967375
1619,5024.0698032967375
1620,5024.0698032967375
1621,5024.0698032967375
1622,5024.0698032967375
1623,5024.0698032967375
1624,5024.0698032967375
1625,5024.0698032967375
1626,5024.0698032967375
1627,5024.0698032967375
1628,68853.50315657315
1629,5024.0698032967375
1630,5024.0698032967375
1631,585.5623577823044
1632,5024.0698032967375
1633,5024.0698032967375
1634,5024.0698032967375
1635,5024.0698032967375
1636,5024.0698032967375
1637,5024.0698032967375
1638,5024.0698032967375
1639,5024.0698032967375
1640,5024.0698032967375
1641,5024.0698032967375
1642,585.5623577823044
1643,5024.0698032967375
1644,5024.0698032967375
1645,8287.196536816424
1646,5024.0698032967375
1647,8287.196536816424
1648,5024.0698032967375
1649,5024.0698032967375
1650,5024.0698032967375
1651,5024.0698032967375
1652,5975.283321713006
1653,5024.0698032967375
1654,5024.0698032967375
1655,5024.0698032967375
1656,5024.0698032967375
1657,5024.0698032967375
1658,5024.0698032967375
1659,5024.0698032967375
1660,5024.0698032967375
1661,5975.283321713006
1662,5024.0698032967375
1663,5024.0698032967375
1664,5024.0698032967375
1665,5024.0698032967375
1666,5975.283321713006
1667,5024.0698032967375
1668,5975.283321713006
1669,5024.0698032967375
1670,5024.0698032967375
1671,5024.0698032967375
1672,5024.0698032967375
1673,5024.0698032967375
1674,8287.196536816424
1675,5024.0698032967375
1676,5024.0698032967375
1677,5024.0698032967375
1678,5024.0698032967375
1679,5024.0698032967375
1680,5024.0698032967375
1681,5024.0698032967375
1682,5975.283321713006
1683,5024.0698032967375
1684,5024.0698032967375
1685,8287.196536816424
1686,5024.0698032967375
1687,5024.0698032967375
1688,5024.0698032967375
1689,5024.0698032967375
1690,5024.0698032967375
1691,5024.0698032967375
1692,5024.0698032967375
1693,8287.196536816424
1694,5024.0698032967375
1695,5024.0698032967375
1696,5024.0698032967375
1697,5024.0698032967375
1698,5975.283321713006
1699,5024.0698032967375
1700,5024.0698032967375
1701,5024.0698032967375
1702,5024.0698032967375
1703,5024.0698032967375
1704,5024.0698032967375
1705,5024.0698032967375
1706,5024.0698032967375
1707,5024.0698032967375
1708,5024.0698032967375
1709,5024.0698032967375
1710,5024.0698032967375
1711,5024.0698032967375
1712,5975.283321713006
1713,5975.283321713006
1714,5024.0698032967375
1715,5024.0698032967375
1716,5024.0698032967375
1717,5024.0698032967375
1718,5024.0698032967375
1719,5024.0698032967375
1720,5024.0698032967375
1721,5024.0698032967375
1722,5024.0698032967375
1723,5024.0698032967375
1724,5024.0698032967375
1725,5024.0698032967375
1726,5024.0698032967375
1727,5024.0698032967375
1728,5024.0698032967375
1729,5024.0698032967375
1730,5024.0698032967375
1731,5024.0698032967375
1732,5024.0698032967375
1733,5024.0698032967375
1734,5024.0698032967375
1735,5024.0698032967375
1736,5024.0698032967375
1737,5024.0698032967375
1738,5024.0698032967375
1739,5024.0698032967375
1740,5024.0698032967375
1741,8287.196536816424
1742,5024.0698032967375
1743,5024.0698032967375
1744,5024.0698032967375
1745,5024.0698032967375
1746,5024.0698032967375
1747,5024.0698032967375
1748,5024.0698032967375
1749,5024.0698032967375
1750,5024.0698032967375
1751,5024.0698032967375
1752,5024.0698032967375
1753,5024.0698032967375
1754,5024.0698032967375
1755,5024.0698032967375
1756,5024.0698032967375
1757,5024.0698032967375
1758,5024.0698032967375
1759,5024.0698032967375
1760,5024.0698032967375
1761,5024.0698032967375
1762,5024.0698032967375
1763,5024.0698032967375
1764,5024.0698032967375
1765,5024.0698032967375
1766,4651.059549861144
1767,5024.0698032967375
1768,5024.0698032967375
1769,5024.0698032967375
1770,5024.0698032967375
1771,5024.0698032967375
1772,5024.0698032967375
1773,5024.0698032967375
1774,5024.0698032967375
1775,5024.0698032967375
1776,5024.0698032967375
1777,5024.0698032967375
1778,5024.0698032967375
1779,5024.0698032967375
1780,8287.196536816424
1781,5024.0698032967375
1782,5024.0698032967375
1783,5024.0698032967375
1784,5024.0698032967375
1785,5975.283321713006
1786,5024.0698032967375
1787,585.5623577823044
1788,5024.0698032967375
1789,5024.0698032967375
1790,5024.0698032967375
1791,5024.0698032967375
1792,5024.0698032967375
1793,5024.0698032967375
1794,5024.0698032967375
1795,585.5623577823044
1796,5024.0698032967375
1797,5024.0698032967375
1798,5024.0698032967375
1799,5024.0698032967375
1800,5024.0698032967375
1801,5024.0698032967375
1802,5975.283321713006
1803,5024.0698032967375
1804,5024.0698032967375
1805,5975.283321713006
1806,8287.196536816424
1807,5024.0698032967375
1808,5024.0698032967375
1809,5024.0698032967375
1810,5024.0698032967375
1811,5024.0698032967375
1812,5024.0698032967375
1813,68853.50315657315
1814,5024.0698032967375
1815,4651.059549861144
1816,5975.283321713006
1817,5024.0698032967375
1818,5024.0698032967375
1819,5024.0698032967375
1820,5024.0698032967375
1821,5024.0698032967375
1822,5024.0698032967375
1823,5024.0698032967375
1824,5024.0698032967375
1825,5024.0698032967375
1826,5024.0698032967375
1827,5024.0698032967375
1828,5024.0698032967375
1829,5024.0698032967375
1830,5024.0698032967375
1831,5024.0698032967375
1832,8287.196536816424
1833,5024.0698032967375
1834,5024.0698032967375
1835,5024.0698032967375
1836,5024.0698032967375
1837,5024.0698032967375
1838,5024.0698032967375
1839,5024.0698032967375
1840,5024.0698032967375
1841,4651.059549861144
1842,4651.059549861144
1843,5024.0698032967375
1844,5024.0698032967375
1845,5024.0698032967375
1846,5024.0698032967375
1847,5024.0698032967375
1848,5975.283321713006
1849,5024.0698032967375
1850,5024.0698032967375
1851,5024.0698032967375
1852,5024.0698032967375
1853,5024.0698032967375
1854,5024.0698032967375
1855,5024.0698032967375
1856,5024.0698032967375
1857,5024.0698032967375
1858,5024.0698032967375
1859,5024.0698032967375
1860,5024.0698032967375
1861,5024.0698032967375
1862,5024.0698032967375
1863,4651.059549861144
1864,5024.0698032967375
1865,5024.0698032967375
1866,5024.0698032967375
1867,8287.196536816424
1868,5024.0698032967375
1869,5024.0698032967375
1870,5024.0698032967375
1871,5024.0698032967375
1872,5024.0698032967375
1873,5024.0698032967375
1874,68853.50315657315
1875,5024.0698032967375
1876,5024.0698032967375
1877,5024.0698032967375
1878,5024.0698032967375
1879,5024.0698032967375
1880,8287.196536816424
1881,5024.0698032967375
1882,5024.0698032967375
1883,68853.50315657315
1884,5024.0698032967375
1885,5024.0698032967375
1886,5024.0698032967375
1887,5024.0698032967375
1888,5024.0698032967375
1889,5024.0698032967375
1890,5024.0698032967375
1891,8287.196536816424
1892,5024.0698032967375
1893,5024.0698032967375
1894,5024.0698032967375
1895,5024.0698032967375
1896,5024.0698032967375
1897,5024.0698032967375
1898,5024.0698032967375
1899,5024.0698032967375
1900,5024.0698032967375
1901,4651.059549861144
1902,5024.0698032967375
1903,5024.0698032967375
1904,5024.0698032967375
1905,5024.0698032967375
1906,68853.50315657315
1907,5024.0698032967375
1908,5024.0698032967375
1909,5024.0698032967375
1910,4651.059549861144
1911,5024.0698032967375
1912,5024.0698032967375
1913,5024.0698032967375
1914,5024.0698032967375
1915,5024.0698032967375
1916,5024.0698032967375
1917,5024.0698032967375
1918,5024.0698032967375
1919,5024.0698032967375
1920,5024.0698032967375
1921,5024.0698032967375
1922,5024.0698032967375
1923,5024.0698032967375
1924,5024.0698032967375
1925,5024.0698032967375
1926,5024.0698032967375
1927,5024.0698032967375
1928,5024.0698032967375
1929,5024.0698032967375
1930,5024.0698032967375
1931,5024.0698032967375
1932,5024.0698032967375
1933,8287.196536816424
1934,5024.0698032967375
1935,5024.0698032967375
1936,5024.0698032967375
1937,5024.0698032967375
1938,5024.0698032967375
1939,5024.0698032967375
1940,5024.0698032967375
1941,8287.196536816424
1942,68853.50315657315
1943,5024.0698032967375
1944,68853.50315657315
1945,5024.0698032967375
1946,5024.0698032967375
1947,5024.0698032967375
1948,5024.0698032967375
1949,5024.0698032967375
1950,5024.0698032967375
1951,5024.0698032967375
1952,5024.0698032967375
1953,5024.0698032967375
1954,8287.196536816424
1955,5024.0698032967375
1956,5024.0698032967375
1957,5024.0698032967375
1958,5024.0698032967375
1959,5024.0698032967375
1960,5024.0698032967375
1961,5024.0698032967375
1962,5024.0698032967375
1963,5024.0698032967375
1964,5024.0698032967375
1965,5024.0698032967375
1966,5024.0698032967375
1967,5024.0698032967375
1968,5024.0698032967375
1969,5024.0698032967375
1970,5024.0698032967375
1971,5975.283321713006
1972,5024.0698032967375
1973,8287.196536816424
1974,5024.0698032967375
1975,5975.283321713006
1976,5024.0698032967375
1977,8287.196536816424
1978,5024.0698032967375
1979,5024.0698032967375
1980,5024.0698032967375
1981,5024.0698032967375
1982,5024.0698032967375
1983,5975.283321713006
1984,5024.0698032967375
1985,5024.0698032967375
1986,5024.0698032967375
1987,5024.0698032967375
1988,585.5623577823044
1989,5024.0698032967375
1990,5024.0698032967375
1991,5024.0698032967375
1992,5024.0698032967375
1993,5024.0698032967375
1994,5024.0698032967375
1995,5024.0698032967375
1996,4651.059549861144
1997,5024.0698032967375
1998,5975.283321713006
1999,5024.0698032967375
2000,5024.0698032967375
2001,5024.0698032967375
2002,5024.0698032967375
2003,5024.0698032967375
2004,5024.0698032967375
2005,5024.0698032967375
2006,5024.0698032967375
2007,5024.0698032967375
2008,5024.0698032967375
2009,5024.0698032967375
2010,5024.0698032967375
2011,5024.0698032967375
2012,5024.0698032967375
2013,5024.0698032967375
2014,5024.0698032967375
2015,5024.0698032967375
2016,5024.0698032967375
2017,5024.0698032967375
2018,5024.0698032967375
2019,5024.0698032967375
2020,5024.0698032967375
2021,5024.0698032967375
2022,5024.0698032967375
2023,5024.0698032967375
2024,5024.0698032967375
2025,5024.0698032967375
2026,5024.0698032967375
2027,5024.0698032967375
2028,5024.0698032967375
2029,5975.283321713006
2030,68853.50315657315
2031,5024.0698032967375
2032,5024.0698032967375
2033,4651.059549861144
2034,5024.0698032967375
2035,5024.0698032967375
2036,68853.50315657315
2037,5024.0698032967375
2038,5024.0698032967375
2039,5024.0698032967375
2040,5024.0698032967375
2041,5024.0698032967375
2042,5024.0698032967375
2043,5024.0698032967375
2044,5024.0698032967375
2045,8287.196536816424
2046,5975.283321713006
2047,5024.0698032967375
2048,585.5623577823044
2049,5024.0698032967375
2050,5024.0698032967375
2051,5024.0698032967375
2052,5024.0698032967375
2053,5024.0698032967375
2054,5024.0698032967375
2055,8287.196536816424
2056,5975.283321713006
2057,5024.0698032967375
2058,5024.0698032967375
2059,5024.0698032967375
2060,5024.0698032967375
2061,5024.0698032967375
2062,5024.0698032967375
2063,585.5623577823044
2064,5024.0698032967375
2065,5024.0698032967375
2066,5024.0698032967375
2067,5024.0698032967375
2068,5024.0698032967375
2069,5024.0698032967375
2070,5024.0698032967375
2071,5024.0698032967375
2072,5024.0698032967375
2073,5024.0698032967375
2074,5024.0698032967375
2075,5024.0698032967375
2076,5024.0698032967375
2077,5024.0698032967375
2078,5975.283321713006
2079,5024.0698032967375
2080,5024.0698032967375
2081,5975.283321713006
2082,5024.0698032967375
2083,5024.0698032967375
2084,5024.0698032967375
2085,5024.0698032967375
2086,5024.0698032967375
2087,5024.0698032967375
2088,5024.0698032967375
2089,5024.0698032967375
2090,5024.0698032967375
2091,5024.0698032967375
2092,5024.0698032967375
2093,5975.283321713006
2094,5024.0698032967375
2095,5024.0698032967375
2096,5024.0698032967375
2097,5024.0698032967375
2098,5024.0698032967375
2099,5024.0698032967375
2100,5024.0698032967375
2101,5024.0698032967375
2102,5975.283321713006
2103,5024.0698032967375
2104,5024.0698032967375
2105,5024.0698032967375
2106,5975.283321713006
2107,5024.0698032967375
2108,5024.0698032967375
2109,5024.0698032967375
2110,5024.0698032967375
2111,5975.283321713006
2112,5024.0698032967375
2113,5024.0698032967375
2114,5024.0698032967375
2115,5024.0698032967375
2116,5024.0698032967375
2117,5975.283321713006
2118,5024.0698032967375
2119,5975.283321713006
2120,5024.0698032967375
2121,8287.196536816424
2122,5024.0698032967375
2123,5024.0698032967375
2124,5024.0698032967375
2125,5024.0698032967375
2126,5024.0698032967375
2127,5975.283321713006
2128,5024.0698032967375
2129,5024.0698032967375
2130,5024.0698032967375
2131,5024.0698032967375
2132,5024.0698032967375
2133,5024.0698032967375
2134,5024.0698032967375
2135,5024.0698032967375
2136,5024.0698032967375
2137,5024.0698032967375
2138,4651.059549861144
2139,5024.0698032967375
2140,5024.0698032967375
2141,5975.283321713006
2142,5024.0698032967375
2143,8287.196536816424
2144,5024.0698032967375
2145,5024.0698032967375
2146,5024.0698032967375
2147,5024.0698032967375
2148,5024.0698032967375
2149,5024.0698032967375
2150,5024.0698032967375
2151,5024.0698032967375
2152,5024.0698032967375
2153,5024.0698032967375
2154,5024.0698032967375
2155,5024.0698032967375
2156,5024.0698032967375
2157,5024.0698032967375
2158,5024.0698032967375
2159,5024.0698032967375
